190,221,173,261,11,177,174,276,246,19,192,111,129,261,300,269,18,35,90,129,91,97,262,2,230
83,78,206,103,68,122,227,69,12,3,226,206,216,49,124,112,182,224,278,187,67,217,42,233,39
272,138,24,83,213,168,117,22,22,31,1,145,82,209,208,233,237,254,30,18,218,106,230,183,39
113,51,244,248,216,179,224,286,140,264,121,270,272,259,154,49,179,193,218,194,170,86,122,118,96
284,106,27,224,17,75,227,168,33,160,107,130,87,267,267,184,80,211,103,208,195,233,272,217,293
150,39,249,63,30,94,228,49,29,38,24,93,6,193,83,246,177,183,135,218,16,163,106,158,236
204,185,57,168,65,247,192,268,128,111,38,286,214,176,296,186,219,65,258,25,229,267,198,248,184
290,54,67,272,204,268,1,275,168,34,183,231,139,240,202,154,11,46,114,51,173,130,73,191,270
84,82,207,6,267,3,23,176,51,169,250,52,228,170,272,188,218,48,250,47,270,238,200,183,212
268,227,33,94,257,45,258,128,172,298,126,9,49,66,5,169,184,284,226,1,191,59,129,42,263
78,172,20,196,223,26,75,131,255,42,63,82,32,121,79,90,31,51,138,122,151,25,299,249,246
113,161,274,90,154,178,70,102,158,37,105,35,32,230,66,126,274,298,208,106,171,253,116,248,47
20,261,27,102,97,264,264,65,137,118,253,259,200,88,94,242,257,62,271,234,132,153,261,219,283
1,95,265,247,138,207,264,290,288,136,150,266,150,151,205,79,276,239,139,32,159,238,188,223,43
115,134,67,21,33,234,39,209,98,228,65,179,14,91,179,184,267,45,94,139,203,68,83,210,97
203,16,178,55,294,162,238,186,93,90,7,199,259,241,81,300,160,230,105,21,141,218,90,273,44
227,65,174,267,279,185,252,217,159,105,244,274,66,114,180,53,146,19,133,16,139,27,23,178,192
68,150,66,13,36,273,283,163,154,157,137,199,5,178,148,116,226,263,132,134,245,79,2,65,286
92,10,133,88,171,151,203,45,118,41,70,188,74,131,119,196,146,250,41,117,252,280,17,74,119
282,36,25,166,163,237,277,80,26,78,197,90,12,252,183,7,164,93,196,298,161,161,239,44,270
248,227,48,173,229,284,79,258,293,296,26,121,157,240,226,210,293,298,149,104,10,124,295,272,17
287,55,103,271,115,278,46,24,267,241,271,249,133,218,268,153,178,159,86,67,159,163,50,161,84
162,23,282,284,126,14,97,59,238,153,110,254,251,152,182,48,44,276,199,183,138,53,166,50,297
61,56,115,91,13,31,290,233,162,257,32,94,285,249,261,180,103,223,207,138,67,295,7,3,242
288,129,123,291,65,223,18,116,250,292,183,125,118,65,271,234,3,156,2,214,31,116,167,21,96
134,197,12,86,38,131,62,176,45,209,124,9,112,122,233,54,92,6,149,2,296,17,115,176,144
98,103,168,211,267,218,118,63,83,21,149,220,240,297,236,247,54,258,99,53,121,246,42,196,128
282,146,22,18,255,280,60,163,226,82,235,283,246,70,108,233,71,103,82,187,291,185,284,207,156
73,220,276,152,34,31,246,211,245,87,82,190,34,28,217,46,99,65,249,292,236,130,185,112,291
21,262,284,243,66,19,141,171,176,41,112,161,51,218,161,12,241,239,199,242,84,229,230,2,36
184,68,70,264,209,168,276,240,94,239,260,3,52,237,174,52,47,101,177,55,239,50,264,69,4
150,140,243,194,257,207,34,184,114,219,119,209,185,253,1,53,109,252,212,147,110,247,197,127,104
286,147,215,132,291,106,112,212,52,32,286,146,272,26,6,5,121,240,197,128,130,75,257,293,266
146,201,181,51,49,188,112,104,48,150,28,221,157,100,31,145,160,288,92,64,67,285,300,174,26
206,12,67,276,22,89,65,272,138,51,217,100,66,260,209,158,156,36,74,59,224,243,238,123,89
194,30,207,152,294,186,182,37,276,154,192,267,80,154,243,100,55,72,272,97,238,22,56,178,28
132,46,220,102,200,231,170,66,189,237,180,153,12,44,100,85,15,152,292,272,172,198,66,213,192
7,270,95,163,181,270,33,230,14,122,76,114,28,266,277,267,93,41,69,178,234,141,291,77,126
88,3,195,218,293,56,251,48,134,164,294,60,122,25,250,119,68,171,158,172,37,250,30,161,14
76,106,138,284,14,23,46,15,199,221,43,250,3,217,254,79,283,33,264,257,26,258,229,148,149
18,207,239,77,263,208,252,208,245,270,78,56,89,99,163,256,283,125,59,25,246,281,208,266,254
286,110,288,253,46,64,246,29,210,295,79,179,55,141,275,235,164,156,113,283,40,279,216,92,300
291,43,201,230,272,231,153,255,108,138,143,156,148,289,71,85,107,155,182,81,224,118,54,28,14
233,234,151,15,263,139,103,265,211,36,215,200,232,3,127,199,154,234,85,124,263,268,175,99,96
4,14,19,155,184,17,217,53,240,166,176,24,182,65,253,112,138,140,294,289,61,47,262,148,55
209,45,90,200,30,157,151,38,60,73,124,96,101,70,44,257,296,259,281,102,274,150,93,104,113
267,188,267,223,127,135,102,28,37,41,198,150,153,217,222,46,206,53,188,283,296,12,296,287,99
65,222,147,61,240,77,86,294,189,190,70,53,220,120,44,188,26,229,127,141,282,75,92,28,179
242,72,75,178,217,70,290,237,77,146,87,167,177,237,294,282,226,222,182,213,74,160,166,64,6
278,206,254,189,85,270,270,241,213,57,76,88,242,192,191,45,129,102,78,152,130,216,157,293,299
194,173,210,198,111,150,110,182,195,23,298,121,211,198,247,47,295,13,250,59,8,143,275,214,98
300,268,6,49,205,112,225,165,133,115,78,142,227,34,66,112,50,260,48,40,48,288,119,180,96
276,226,202,92,142,161,273,152,159,180,215,165,287,30,250,227,38,198,165,46,142,200,56,218,271
186,299,201,273,210,40,21,182,211,26,196,258,83,107,160,63,147,9,18,176,296,217,266,156,23
96,130,23,69,152,56,104,47,83,242,55,105,84,102,164,82,21,43,173,88,51,106,188,13,275
275,2,190,227,86,11,228,48,293,296,58,254,207,9,33,205,188,294,62,285,175,275,83,106,165
82,257,49,224,65,279,235,123,198,86,51,227,203,182,92,142,201,212,93,209,212,115,170,111,209
1,177,208,81,93,127,128,267,294,76,254,65,37,60,114,121,100,271,28,198,268,103,205,3,204
105,272,6,90,207,27,162,11,208,29,215,143,149,165,266,24,150,125,98,123,278,56,155,192,31
216,260,26,77,156,66,43,24,258,115,191,97,288,287,9,63,297,120,63,168,160,248,87,204,294
225,215,238,179,248,100,172,122,178,149,253,155,263,280,110,32,166,281,167,40,283,214,295,158,262
265,127,231,32,225,270,87,185,241,192,146,17,110,276,125,212,174,101,102,130,228,185,151,102,125
221,163,23,6,111,160,147,84,152,235,57,239,56,186,242,245,286,95,213,90,238,212,5,237,119
199,294,19,179,20,225,295,228,44,42,235,76,91,269,211,240,88,284,9,165,159,33,34,69,294
69,33,194,198,167,183,128,119,259,112,32,165,124,295,47,232,134,224,291,19,297,14,46,86,132
242,52,56,41,190,142,241,34,51,137,250,228,262,5,236,154,277,273,153,136,86,256,88,144,38
22,280,267,122,264,208,109,96,65,63,192,165,57,176,251,253,72,64,25,255,57,114,50,182,181
156,136,287,109,55,8,69,213,226,101,132,209,81,169,132,153,171,59,90,98,175,235,278,258,278
80,75,20,118,31,29,237,254,28,66,237,30,198,270,45,141,19,153,74,293,204,46,287,178,54
139,297,107,132,161,103,22,212,116,145,64,294,198,139,196,90,176,208,59,113,49,165,57,111,216
127,139,143,273,220,215,45,113,150,86,137,116,285,15,184,20,57,250,227,204,82,49,40,263,284
93,19,137,284,31,208,166,57,100,100,193,102,106,252,260,131,216,1,123,125,175,46,111,287,16
39,289,157,119,263,149,295,232,230,64,78,124,261,180,72,30,241,203,55,278,32,121,147,65,202
174,131,229,262,212,5,23,254,30,256,283,266,212,237,82,221,20,202,22,114,53,262,222,263,202
167,170,135,34,102,229,296,109,293,68,144,100,261,177,12,219,173,263,261,26,220,15,235,226,243
104,49,294,149,211,20,142,56,41,84,33,52,157,217,220,296,14,271,267,133,261,252,164,168,65
205,271,65,234,195,292,165,230,113,87,122,115,44,157,92,24,202,75,244,263,87,274,212,146,193
285,117,125,30,174,204,21,34,132,272,156,269,233,88,147,227,167,175,225,228,55,63,196,234,198
37,7,300,269,39,53,216,121,109,202,6,188,197,273,139,74,257,68,42,66,125,243,71,238,96
260,207,234,101,207,234,76,297,255,237,149,81,180,300,42,164,167,17,121,216,246,59,168,93,47
135,262,82,226,189,179,12,223,77,237,184,215,115,176,273,32,184,62,269,159,132,231,294,273,239
32,295,216,275,212,77,247,115,102,248,114,29,152,235,281,172,243,255,159,124,233,59,284,255,270
249,20,138,157,81,242,124,47,105,164,189,206,253,61,92,216,62,205,12,188,173,63,220,56,160
144,42,212,6,48,277,258,170,11,17,152,36,58,236,70,277,124,247,56,9,176,258,239,18,21
258,49,100,61,192,214,221,202,26,40,115,138,181,68,125,214,142,34,72,46,18,10,89,285,126
75,92,109,295,291,283,222,270,66,159,109,191,148,1,6,258,183,300,10,138,286,136,69,159,165
110,300,256,135,293,154,120,179,85,116,19,190,80,143,71,136,118,228,272,110,6,260,44,134,243
146,80,239,16,52,21,287,238,248,280,202,100,149,56,38,8,146,177,276,99,124,34,271,260,107
98,292,33,224,82,256,251,110,29,249,227,112,12,65,59,48,164,2,35,125,82,187,148,16,282
101,61,27,96,164,137,47,162,71,56,212,146,24,206,156,201,190,210,260,179,24,267,165,140,123
266,148,275,188,247,274,15,18,129,52,105,178,108,64,104,297,282,231,53,53,252,125,253,97,241
42,104,34,287,137,134,79,286,144,197,199,221,158,165,116,237,102,166,204,81,248,104,46,189,132
243,132,113,221,10,23,33,156,144,146,210,282,234,270,14,108,247,17,267,97,56,252,91,113,32
201,294,21,300,198,137,39,147,237,229,127,2,53,149,57,75,31,176,150,170,250,53,196,270,31
250,202,71,205,31,252,80,64,138,19,284,195,116,185,239,108,260,280,81,296,170,23,155,7,177
156,296,111,123,43,218,298,253,82,79,277,129,264,2,258,35,228,294,215,249,26,162,26,160,226
171,37,159,298,218,246,150,274,218,258,65,74,3,216,16,144,138,144,127,46,142,107,222,231,149
61,196,55,9,274,77,50,11,1,258,61,49,126,128,97,5,23,185,248,168,294,90,124,217,234
175,127,289,47,211,66,47,263,101,192,166,88,89,38,244,1,239,245,294,127,15,63,224,24,290
98,298,148,22,36,139,127,52,190,39,5,216,204,91,261,200,221,29,251,126,34,133,149,232,272